Ac 227.0 9 3
Ag 107.868 5 11
Al 26.98154 3 13
Am 241.1 9 9
Ar 39.948 3 18
As 74.9216 4 15
At 210.001 6 17
Au 196.9665 6 11
B 10.81 2 13
Ba 137.34 6 2
Be 9.01218 2 2
Bi 208.9804 6 15
Bk 249.1 9 11
Br 79.904 4 17
C 12.011 2 14
Ca 40.08 4 2
Cd 112.40 5 12
Ce 140.12 8 4
Cf 252.09 9 12
Cl 35.453 3 17
Cm 244.1 9 10
Co 58.9332 4 9
Cr 51.996 4 6
Cs 132.9054 6 1
Cu 63.546 4 11
Dy 162.50 8 12
Er 167.26 8 14
Es 252.1 9 13
Eu 151.96 8 9
F 18.99840 2 17
Fe 55.847 4 8
Fm 257.1 9 14
Fr 223.0 7 1
Ga 69.72 4 13
Gd 157.25 8 10
Ge 72.61 4 14
H 1.0079 1 1
He 4.00260 1 18
Hf 178.49 6 4
Hg 200.59 6 12
Ho 164.9304 8 13
I 126.9054 5 17
In 114.82 5 13
Ir 192.22 6 9
K 39.098 4 1
Kr 83.80 4 18
La 138.9055 8 3
Li 6.941 2 1
Lr 262.1 9 17
Lu 174.97 8 17
Md 258.1 9 15
Mg 24.305 3 2
Mn 54.9380 4 7
Mo 95.94 5 6
N 14.0067 2 15
Na 22.98977 3 1
Nb 92.9064 5 5
Nd 144.24 8 6
Ne 20.179 2 18
Ni 58.69 4 10
No 259.1 9 16
Np 237.0 9 7
O 15.9994 2 16
Os 190.2 6 8
P 30.97376 3 15
Pa 231.0 9 5
Pb 207.2 6 14
Pd 106.4 5 10
Pm 144.9 8 7
Po 210.0 6 16
Pr 140.9077 8 5
Pt 195.09 6 10
Pu 239.1 9 8
Ra 226.0 7 2
Rb 85.4678 5 1
Re 186.2 6 7
Rh 102.9055 5 9
Rn 222.0 6 18
Ru 101.07 5 8
S 32.07 3 16
Sb 121.75 5 15
Sc 44.9559 4 3
Se 78.96 4 16
Si 28.086 3 14
Sm 150.4 8 8
Sn 118.69 5 14
Sr 87.62 5 2
Ta 180.9479 6 5
Tb 158.9254 8 11
Tc 98.91 5 7
Te 127.60 5 16
Th 232.0381 9 4
Ti 47.87 4 4
Tl 204.37 6 13
Tm 168.9342 8 15
U 238.029 9 6
V 50.9414 4 5
W 183.85 6 6
Xe 131.30 5 18
Y 88.9059 5 3
Yb 173.04 8 16
Zn 65.38 4 12
Zr 91.22 5 4